tree
version=v4
num_class=1
num_tree_per_iteration=1
label_index=0
max_feature_idx=11
objective=binary sigmoid:1
feature_names=trend_dpo daily_range_pct momentum_ao FastK_5 momentum_wr fng_lag_3 divergence_rank_diff momentum_pvo_signal PF_K_Body CMF bar_strength Close_to_Open_Ratio
feature_infos=[-637.61137680000002:787.69000249999999] [0.001646631:0.27797235999999997] [-885.60941869999999:1146.480902] [0:100] [-100:0] [-0.45000000000000001:0.40000000000000002] [1.140915729:22.644265749999999] [-25.85277005:23.58729254] [-0.423088507:0.25951294600000002] [-35076265513:63126407700] [-0.99905232300000002:1] [0.576911493:1.2595129460000001]
tree_sizes=1384 1127 1410 1659 1508 1390 1598 1310 1612 1410 1388 1734 1381 1504 1525 1474 1429 1586 1500 1319 1380 1369 1414 1514 1478 1480 1215 1303 1321 1297 1290 1380 1188 1588 1323 1294 1396 1736 1712 1637 1744

Tree=0
num_leaves=12
num_cat=0
split_feature=8 1 10 6 6 6 3 10 1 6 1
split_gain=25.2338 22.9629 10.2184 8.11086 7.48952 5.6982 4.39604 3.8416 3.09683 2.41934 2.1711
threshold=-0.016887021999999998 0.017711184000000005 -0.41134989149999995 9.9819447560000025 13.229451710000001 6.310166928000001 36.132077665000004 0.40485547300000008 0.0091115580000000022 3.6623458085000005 0.023437842000000004
decision_type=2 2 2 2 2 2 2 2 2 2 2
left_child=2 3 4 -2 6 9 -1 -5 -6 -3 -7
right_child=1 5 -4 7 8 10 -8 -9 -10 -11 -12
leaf_value=0.050521065759678269 0.039622301261877296 0.036235848454045025 0.056538633026104859 0.030222038123896986 0.041663693477802896 0.039349321836057403 0.037724528522670532 0.02323072666669361 0.033457195713959657 0.045716424365994657 0.03438691089520219
leaf_weight=34.738595634698868 20.243354290723801 16.494584977626801 18.993764519691467 101.71660736203194 27.490974962711334 50.483426749706268 21.243026107549667 68.727437406778336 45.984903573989868 42.236134260892868 103.4660330414772
leaf_count=139 81 66 76 407 110 202 85 275 184 169 414
internal_value=0.0362358 0.0336397 0.0432307 0.0286161 0.0408469 0.0380797 0.046229 0.0271688 0.0363251 0.0432739 0.0361615
internal_weight=551.819 403.368 148.451 190.687 129.458 212.68 55.9816 170.444 73.4759 58.7307 153.949
internal_count=2208 1614 594 763 518 851 224 682 294 235 616
is_linear=0
shrinkage=1


Tree=1
num_leaves=10
num_cat=0
split_feature=6 3 6 2 9 9 2 7 3
split_gain=18.8547 9.52413 9.65894 9.71537 4.308 4.0463 3.00853 1.36824 1.15723
threshold=6.4122130465000007 10.879416100000002 15.651321385000001 -97.092991409999982 5834387752.500001 20238573270.500004 -51.658998729999993 -1.1462642269999999 72.088948000000016
decision_type=2 2 2 2 2 2 2 2 2
left_child=5 6 4 -4 -3 7 -2 -1 -9
right_child=1 2 3 -5 -6 -7 -8 8 -10
leaf_value=0.01452587195661576 0 -0.0017770375879101687 0 -0.010528304397539668 0.0039104596958411623 0 0.010435708016359218 0.0093205301168346327 0.00042335054164582711
leaf_weight=31.234950333833694 16.243371576070786 200.43633207678795 57.734113320708275 92.974666073918343 69.727234989404678 18.491238445043564 29.237221628427505 20.740004867315292 14.993099868297575
leaf_count=125 65 802 231 372 279 74 117 83 60
internal_value=0 -0.00158691 -0.00256891 -0.00659471 -0.000217702 0.0085292 0.00680456 0.0107573 0.00633775
internal_weight=551.812 466.353 420.872 150.709 270.164 85.4593 45.4806 66.9681 35.7331
internal_count=2208 1866 1684 603 1081 342 182 268 143
is_linear=0
shrinkage=0.02


Tree=2
num_leaves=12
num_cat=0
split_feature=8 1 6 1 6 7 1 6 8 6 7
split_gain=24.114 21.8628 8.23151 7.74895 5.39462 4.45651 4.36298 5.40519 3.21133 2.67512 2.28473
threshold=-0.016887021999999998 0.014253725000000002 6.310166928000001 0.037080752000000008 12.167830870000001 -2.0743122154999996 0.025867033500000001 13.229451710000001 -0.011324422999999998 4.0785236510000002 -10.783385789999999
decision_type=2 2 2 2 2 2 2 2 2 2 2
left_child=3 4 9 6 5 -2 7 -1 -4 -3 -6
right_child=1 2 8 -5 10 -7 -8 -9 -10 -11 -12
leaf_value=0.013247936121275507 0.005485208180979635 8.9905930984377508e-05 -0.0092772493591246515 0.016728591514397068 -0.0027850199380433983 -0.0075355589786710491 -0.0029498272498284452 0.0026730868296680195 -0.00010852084794981404 0.010037934939179623 -0.012332844067333884
leaf_weight=29.730921760201454 16.245980888605118 19.989593461155891 15.24576975405216 25.732857316732407 19.247041776776314 20.99450147151947 21.737694412469864 71.222385123372078 180.44824375212193 41.470855847001076 89.737147390842438
leaf_count=119 65 80 61 103 77 84 87 285 722 166 359
internal_value=0 -0.002529 0.000920462 0.00684737 -0.00866082 -0.00135558 0.00437944 0.00617852 -0.00101062 0.00722237 -0.0109074
internal_weight=551.803 403.379 257.154 148.424 146.225 37.2405 122.691 100.953 195.694 61.4604 108.984
internal_count=2208 1614 1029 594 585 149 491 404 783 246 436
is_linear=0
shrinkage=0.02


Tree=3
num_leaves=15
num_cat=0
split_feature=8 6 7 6 4 6 2 6 0 7 7 7 7 7
split_gain=23.2285 18.6796 7.09092 5.93779 6.59375 3.58695 7.08949 4.47311 3.17568 2.67452 2.11445 3.26758 1.13684 0.808331
threshold=-0.016887021999999998 10.288489165000003 -5.0558128074999988 13.229451710000001 -66.809939879999988 15.651321385000001 -93.745862894999988 10.948748945000002 -32.836793419999992 -3.1780832219999997 0.98614156450000012 -3.3562254984999993 0.19429470450000003 -7.6089005874999991
decision_type=2 2 2 2 2 2 2 2 2 2 2 2 2 2
left_child=3 2 13 10 9 7 -7 -3 -4 -5 11 -1 -6 -2
right_child=1 5 8 4 12 6 -8 -9 -10 -11 -12 -13 -14 -15
leaf_value=0.012225724958864216 0.004864150107094325 -0.011991401689377902 -0.0037536622894243647 0 -0.0075343340307018778 -0.0014956359875968462 -0.012319886713972866 -0.0015943504145143061 0.003013870512952415 0.010040845950870909 0.015708789175190255 0 0 0.015546949225520816
leaf_weight=16.732948318123817 15.490138486027719 18.995209857821465 38.980091720819473 16.492311537265778 15.493941739201547 43.744235873222351 71.745290577411652 120.72484827041626 78.711737379431725 35.732156082987785 29.96933276951313 18.732392832636833 15.244654133915899 14.988534569740294
leaf_count=67 62 76 156 66 62 175 287 483 315 143 120 75 61 60
internal_value=0 -0.00248102 0.00305402 0.00672218 0.0027341 -0.00577109 -0.00848544 -0.00329825 0.000580067 0.00710109 0.0112509 0.00631259 -0.00405502 0.0113673
internal_weight=551.778 403.38 148.171 148.398 82.9631 255.21 115.49 139.72 117.692 52.2245 65.4347 35.4653 30.7386 30.4787
internal_count=2208 1614 593 594 332 1021 462 559 471 209 262 142 123 122
is_linear=0
shrinkage=0.02


Tree=4
num_leaves=13
num_cat=0
split_feature=8 10 9 8 2 9 3 2 9 3 2 3
split_gain=22.3825 9.9517 7.68805 7.42858 7.37054 6.5808 3.99837 4.92366 3.79897 4.21824 3.04833 2.91051
threshold=-0.016887021999999998 -0.41134989149999995 5284579908.500001 0.0115499125 -98.91082363999999 -1063194251.9999999 32.24476549500001 6.4984448130000008 9534064567.5000019 75.537652240000014 22.598712535000001 62.418664355000011
decision_type=2 2 2 2 2 2 2 2 2 2 2 2
left_child=1 6 3 5 -5 -2 7 -1 9 -4 -10 -8
right_child=2 -3 8 4 -6 -7 11 -9 10 -11 -12 -13
leaf_value=0.0024534701742247246 0.0039286361433214052 0.019717378732750215 -0.00066916322837301079 0.00029374985197615423 -0.011198358593576483 -0.0044396306844474154 -0.0039252463703622707 0.013105036568723295 -0.0068413899928621361 0.010846508972680613 0.0011244934404716514 0.0062155004102645095
leaf_weight=52.709482714533806 54.23544405400753 18.976010411977768 16.992449745535851 25.494756877422333 84.230668798089027 104.47479635477066 30.979941830039024 30.711723253130913 23.491970166563988 26.738197907805443 67.719689890742302 14.990173459053038
leaf_count=211 217 76 68 102 337 418 124 123 94 107 271 60
internal_value=0 0.00660154 -0.00243315 -0.00439789 -0.00839169 -0.00144222 0.00425496 0.00682402 0.00133632 0.00610094 -0.000815361 -8.02993e-05
internal_weight=551.745 148.367 403.378 268.436 109.725 158.71 129.391 83.4212 134.942 43.7306 91.2117 45.9701
internal_count=2208 594 1614 1074 439 635 518 334 540 175 365 184
is_linear=0
shrinkage=0.02


Tree=5
num_leaves=12
num_cat=0
split_feature=8 6 10 6 3 6 3 10 3 2 5
split_gain=21.5728 17.8911 9.59397 6.615 5.82618 5.45734 4.1525 4.12953 7.72933 3.1538 1.56901
threshold=-0.016887021999999998 10.288489165000003 -0.41134989149999995 13.229451710000001 41.182704210000004 6.310166928000001 36.132077665000004 0.41060342100000008 74.02949614500001 -98.91082363999999 0.015000000000000001
decision_type=2 2 2 2 2 2 2 2 2 2 2
left_child=2 4 3 6 -2 -6 -1 8 -3 -9 -5
right_child=1 7 -4 10 5 -7 -8 9 -10 -11 -12
leaf_value=0.013389607945547973 0.011114870369118894 -0.00575015518706726 0.019374467065431136 -0.0018509444857743662 0.0056077380621490794 -0.0027201723886742021 0.001019668866026671 -0.0011245946426854583 0.0045216387421459702 -0.01070507149022458 0.0041511317700004061
leaf_weight=34.685733333230019 27.233366146683693 117.73639118671417 18.961175233125687 49.221601724624634 54.45090539753437 66.478010326623917 21.22876088321209 22.997538059949875 34.994866967201233 79.491597443819046 24.237288981676102
leaf_count=139 109 471 76 197 218 266 85 92 140 318 97
internal_value=0 -0.00238416 0.00648627 0.00417892 0.00303149 0.000897184 0.00923591 -0.00560496 -0.00323933 -0.00880939 0
internal_weight=551.717 403.383 148.335 129.373 148.162 120.929 55.9145 255.22 152.731 102.489 73.4589
internal_count=2208 1614 594 518 593 484 224 1021 611 410 294
is_linear=0
shrinkage=0.02


Tree=6
num_leaves=14
num_cat=0
split_feature=8 6 7 6 7 6 2 6 0 7 7 7 7
split_gain=20.7938 17.2166 6.82675 5.47932 3.65811 3.52949 6.63654 4.38935 3.0616 2.0272 3.18541 1.07809 0.774172
threshold=-0.016887021999999998 10.288489165000003 -5.0558128074999988 13.229451710000001 -3.1780832219999997 15.651321385000001 -93.745862894999988 10.948748945000002 -32.836793419999992 0.98614156450000012 -3.3562254984999993 4.5351256225000007 -7.6089005874999991
decision_type=2 2 2 2 2 2 2 2 2 2 2 2 2
left_child=3 2 12 9 -5 7 -7 -3 -4 10 -1 -6 -2
right_child=1 5 8 4 11 6 -8 -9 -10 -11 -12 -13 -14
leaf_value=0.011748929574178026 0.0047304397257351754 -0.011642507542432758 -0.0037073333541456383 -0.0029109725665648336 0.0077341357840806507 -0.0014037921025149488 -0.011890201403942299 -0.0013709969345983995 0.0029387057732881069 0.015072257620148268 0 0.00075052274931437291 0.015237527377760728
leaf_weight=16.714179858565331 15.486531630158426 18.998570665717125 38.980695247650146 26.982927232980728 34.469729080796242 43.745772197842598 71.744264885783195 120.73598431050777 78.701559275388718 29.924177542328835 18.720321342349052 21.482956722378731 14.979405999183653
leaf_count=67 62 76 156 108 138 175 287 483 315 120 75 86 60
internal_value=0 -0.00233643 0.00297488 0.00637322 0.00253507 -0.00549636 -0.00817986 -0.00305322 0.000545018 0.0107268 0.00591356 0.00551633 0.011133
internal_weight=551.667 403.373 148.148 148.294 82.9356 255.225 115.49 139.735 117.682 65.3587 35.4345 55.9527 30.4659
internal_count=2208 1614 593 594 332 1021 462 559 471 262 142 224 122
is_linear=0
shrinkage=0.02


Tree=7
num_leaves=11
num_cat=0
split_feature=6 10 4 6 4 2 7 10 4 10
split_gain=16.1181 14.4217 7.94663 7.32754 5.10941 11.7501 4.81976 3.44011 2.7618 0.561861
threshold=6.310166928000001 -0.14053771299999998 -69.121006474999987 13.029455350000001 -34.500704384999992 -26.768858869999999 0.72184685900000012 0.43647416950000006 -11.476725214999998 0.055172837000000009
decision_type=2 2 2 2 2 2 2 2 2 2
left_child=8 2 6 -4 5 -3 -2 -6 9 -1
right_child=1 4 3 -5 7 -7 -8 -9 -10 -11
leaf_value=0.013211202311165758 0.0028206353097389421 -0.0016777238873122711 0.0041095118958626494 -0.0058291163601074374 0.0028126721681246865 -0.013432506505006117 0.012884420029320297 -0.0039670131004867016 0.0014285144803788488 0.0056337856782980337
leaf_weight=32.177673518657684 61.679704964160919 81.985135897994041 53.682102292776108 59.726599961519241 45.240482240915298 63.237153649330139 32.704556405544281 72.485681608319283 24.722014769911766 23.968394055962563
leaf_count=129 247 328 215 239 181 253 131 290 99 96
internal_value=0 -0.00140465 0.00245852 -0.000961672 -0.00452849 -0.00704514 0.00671028 -0.00119117 0.00815756 0.0106255
internal_weight=551.609 470.741 207.793 113.409 262.948 145.222 94.3843 117.726 80.8681 56.1461
internal_count=2208 1884 832 454 1052 581 378 471 324 225
is_linear=0
shrinkage=0.02


Tree=8
num_leaves=14
num_cat=0
split_feature=11 6 3 6 6 9 3 0 9 3 9 5 0
split_gain=19.5105 16.2529 5.59844 5.15432 5.06052 3.71786 5.44764 4.76278 3.17512 2.00366 1.98639 1.62315 0.267175
threshold=0.98311297800000019 10.288489165000003 41.182704210000004 13.229451710000001 6.310166928000001 5284579908.500001 75.537652240000014 -8.8896586999999982 95427106.62000002 36.132077665000004 2872055124.5000005 -1.0000000180025095e-35 3.6151661050000006
decision_type=2 2 2 2 2 2 2 2 2 2 2 2 2
left_child=3 2 -2 9 -4 7 -7 -3 11 12 -10 -5 -1
right_child=1 5 4 8 -6 6 -8 -9 10 -11 -12 -13 -14
leaf_value=0.016482820864035665 0.010823619175742425 -0.011861225315186779 0.005353298461783295 0.0004939600848420662 -0.0026681250279449553 -0.0091851060832384424 0.0027974451780399599 -0.0043743129940869456 -0.0069706760715518793 0.0044913031301630456 0.0020032953504332978 0.0086585338969084932 0.0067302951082265552
leaf_weight=23.165425106883049 27.219090089201927 54.993374362587929 54.425056874752045 22.975733160972595 66.479397401213646 19.99783419072628 44.492536798119545 135.73080869019032 15.739936158061029 26.935428023338318 15.738472715020178 28.46696600317955 15.19988341629505
leaf_count=93 109 220 218 92 266 80 178 543 63 108 63 114 61
internal_value=0 -0.00225707 0.00290164 0.00618104 0.00080834 -0.00532816 -0.00078195 -0.00673755 0.00244948 0.0104087 -0.00203486 0.00554119 0.0136394
internal_weight=551.56 403.338 148.124 148.222 120.904 255.215 64.4904 190.724 82.9211 65.3007 31.4784 51.4427 38.3653
internal_count=2208 1614 593 594 484 1021 258 763 332 262 126 206 154
is_linear=0
shrinkage=0.02


Tree=9
num_leaves=12
num_cat=0
split_feature=8 6 10 6 3 6 10 3 10 10 3
split_gain=18.8336 15.6476 9.34313 5.9527 5.39335 4.86899 3.98084 7.23912 3.19096 3.05588 1.87242
threshold=-0.016887021999999998 10.288489165000003 -0.41134989149999995 12.279676510000002 41.182704210000004 6.310166928000001 0.41060342100000008 74.02949614500001 0.5756572310000001 -0.67694888699999989 10.879416100000002
decision_type=2 2 2 2 2 2 2 2 2 2 2
left_child=2 4 3 9 -2 -6 7 -3 -8 -1 -5
right_child=1 6 -4 10 5 -7 8 -9 -10 -11 -12
leaf_value=0.015078470427735541 0.010625604109917215 -0.0053501945380069454 0.018783623784587915 0.004179053605895296 0.0052510430096296239 -0.0026162155070780894 -0.014661817528871753 0.0045942073616851231 -0.0055608855236114751 0.0034392877833003877 -0.0018761522022543429
leaf_weight=20.674714371562004 27.209178850054741 117.73741868138313 18.924230128526688 30.454439997673035 54.414253920316696 66.482126742601395 26.744028121232986 34.99322384595871 75.734564781188965 27.415437743067741 50.709909379482269
leaf_count=83 109 471 76 122 218 266 107 140 303 110 203
internal_value=0 -0.00221295 0.00607834 0.00380791 0.00284756 0.00078985 -0.00522678 -0.00291257 -0.0083626 0.00924469 0.000201252
internal_weight=551.494 403.315 148.179 129.255 148.106 120.896 255.209 152.731 102.479 48.0902 81.1643
internal_count=2208 1614 594 518 593 484 1021 611 410 193 325
is_linear=0
shrinkage=0.02


Tree=10
num_leaves=12
num_cat=0
split_feature=11 1 1 6 6 1 6 9 11 6 11
split_gain=18.1673 19.1087 6.95753 6.21978 4.8141 4.40416 4.48108 3.63536 3.20324 2.60512 1.5541
threshold=0.98311297800000019 0.014253725000000002 0.037080752000000008 6.310166928000001 12.167830870000001 0.025867033500000001 13.229451710000001 -2547414110.9999995 0.98867557700000008 4.0785236510000002 1.0076942710000003
decision_type=2 2 2 2 2 2 2 2 2 2 2
left_child=2 4 5 9 10 6 -1 -6 -5 -3 -2
right_child=1 3 -4 8 7 -7 -8 -9 -10 -11 -12
leaf_value=0.011923680678143691 0.001687823155593607 0 0.015325525758181141 -0.0088634033372512102 -0.0016417463675314937 -0.0037593661379371631 0.0022605661706863395 -0.011921179291364017 6.3884455242257709e-05 0.0092851244282749022 -0.0059026145199613453
leaf_weight=29.630654156208038 22.241043850779533 19.971433699131012 25.633832946419716 15.246170178055761 22.743229642510414 21.6964111328125 71.167374178767204 86.225969478487968 180.45305752754211 41.406458050012589 14.996201947331427
leaf_count=119 89 80 103 61 91 87 285 345 722 166 60
internal_value=0 -0.00216962 0.00597471 0.00105172 -0.00790645 0.00364249 0.00547242 -0.0100242 -0.000613072 0.0065272 -0.00100434
internal_weight=551.412 403.284 148.128 257.077 146.206 122.494 100.798 108.969 195.699 61.3779 37.2372
internal_count=2208 1614 594 1029 585 491 404 436 783 246 149
is_linear=0
shrinkage=0.02


Tree=11
num_leaves=15
num_cat=0
split_feature=1 10 6 4 4 10 7 0 7 0 1 7 4 1
split_gain=15.0974 14.163 6.76228 5.09437 6.54922 4.58236 5.89004 3.32954 3.28563 5.75177 3.7845 2.51637 2.03456 0.345494
threshold=0.012975113500000001 -0.20595588949999996 6.310166928000001 -66.809939879999988 -39.948731384999995 0.13535372150000002 0.53550963700000009 -0.30803112249999992 0.53550963700000009 1.4325223750000002 0.008998098500000001 6.9741300690000001 -11.476725214999998 0.043648271500000009
decision_type=2 2 2 2 2 2 2 2 2 2 2 2 2 2
left_child=1 3 12 7 -5 6 -4 -1 9 -3 -10 -7 13 -2
right_child=2 8 5 4 -6 11 -8 -9 10 -11 -12 -13 -14 -15
leaf_value=-0.00063773257202043602 0.0055188521518294512 -0.011482254033136361 -0.00014500863196981824 -0.012202746022872189 0.0037287547452148312 -0.00023815458556842382 0.0073391069678373378 0.0092884540611663808 -0.020081977690961303 3.5942159312475195e-05 -0.0056901526118525595 -0.0074236467063312338 0.0014865424697418843 0.012322488671378829
leaf_weight=16.217873618006706 26.908807158470154 30.236355766654015 86.635824352502823 17.733642011880875 17.485212415456772 102.72446566820145 71.370488286018372 31.947433024644852 21.739559859037399 30.238984927535057 20.992308303713799 24.24537156522274 24.454810470342636 28.39615286886692
leaf_count=65 108 121 347 71 70 411 286 128 87 121 84 97 98 114
internal_value=0 -0.00456544 0.00239756 0.00135332 -0.00398048 0.00085667 0.00316001 0.00565532 -0.0094723 -0.005586 -0.0140295 -0.00185917 0.00750278 0.00966931
internal_weight=551.327 186.591 364.736 83.3842 35.2189 284.976 158.006 48.1653 103.207 60.4753 42.7319 126.97 79.7598 55.305
internal_count=2208 747 1461 334 141 1141 633 193 413 242 171 508 320 222
is_linear=0
shrinkage=0.02


Tree=12
num_leaves=12
num_cat=0
split_feature=8 10 9 8 9 10 5 7 7 9 3
split_gain=17.0832 9.05954 6.49663 6.54317 6.04524 5.03163 4.23342 4.0518 3.62424 3.25857 2.36853
threshold=-0.016887021999999998 -0.41134989149999995 5284579908.500001 0.0115499125 -1063194251.9999999 0.8317005285000002 0.03500000000000001 0.75266406650000006 4.5351256225000007 9534064567.5000019 33.088131740000009
decision_type=2 2 2 2 2 2 2 2 2 2 2
left_child=1 7 3 4 -2 -5 9 10 -9 -4 -1
right_child=2 -3 6 5 -6 -7 -8 8 -10 -11 -12
leaf_value=0.0026779745195189392 0.0040097375331059251 0.018305336032950596 0.0082150550405301944 -0.009938918519054131 -0.0040225451375156037 0 -0.005038164460749831 0.013602127591759201 0.0024169982616084182 0.00051320643219537703 -0.0049562289676189078
leaf_weight=50.627555593848228 54.208008095622063 18.885705500841141 34.471610605716705 84.694237098097801 104.44643583893776 24.984693586826324 28.220813542604446 22.422473058104515 34.885344192385674 72.185604557394981 21.22293920814991
leaf_count=203 217 76 138 339 418 100 113 90 140 289 85
internal_value=0 0.00579501 -0.0021044 -0.00391428 -0.00113788 -0.00765904 0.00135472 0.003562 0.00744167 0.0032919 7.90387e-05
internal_weight=551.255 148.044 403.211 268.333 158.654 109.679 134.878 129.158 57.3078 106.657 71.8505
internal_count=2208 594 1614 1074 635 439 540 518 230 427 288
is_linear=0
shrinkage=0.02


Tree=13
num_leaves=13
num_cat=0
split_feature=8 1 10 6 6 10 6 1 8 10 6 1
split_gain=16.4677 17.701 8.74318 5.77283 5.58178 5.02878 4.61876 3.34509 3.1532 3.00736 2.52779 2.5001
threshold=-0.016887021999999998 0.014253725000000002 -0.41134989149999995 6.310166928000001 12.279676510000002 0.40485547300000008 12.466275040000001 0.008998098500000001 -0.011324422999999998 -0.67694888699999989 4.0785236510000002 0.009058832000000001
decision_type=2 2 2 2 2 2 2 2 2 2 2 2
left_child=2 5 4 10 9 6 -2 -7 -5 -1 -3 -6
right_child=1 3 -4 8 11 7 -8 -9 -10 -11 -12 -13
leaf_value=0.014515261689266663 0.0021615092223345746 0 0.017998461311760947 -0.0087553449451554868 0.0048540832691039669 -0.017594719656834307 -0.0071147996866684198 -0.0057871841139487115 0.0001071494199965352 0.0030514752026984306 0.0090282655292045887 -0.0022916489908543728
leaf_weight=20.626642763614655 26.739211663603783 19.966240972280502 18.857930764555931 15.245988473296164 28.200089082121849 27.968730643391609 62.973604962229729 28.479936972260475 180.44687795639038 27.3782729357481 41.376594096422195 52.928734064102173
leaf_count=83 107 80 76 61 113 112 252 114 722 110 166 212
internal_value=0 -0.00206171 0.00569502 0.0010363 0.00349868 -0.00758523 -0.00414505 -0.0123815 -0.000563731 0.00876071 0.00631303 8.61758e-06
internal_weight=551.189 403.197 147.992 257.036 129.134 146.161 89.7128 56.4487 195.693 48.0049 61.3428 81.1288
internal_count=2208 1614 594 1029 518 585 359 226 783 193 246 325
is_linear=0
shrinkage=0.02


Tree=14
num_leaves=13
num_cat=0
split_feature=8 6 10 7 6 10 0 2 0 10 8 7
split_gain=15.8957 13.6402 8.43636 6.51191 5.39193 3.62612 4.0289 3.07692 2.90309 2.89075 1.70502 0.753372
threshold=-0.016887021999999998 10.288489165000003 -0.41134989149999995 -5.0558128074999988 12.279676510000002 0.41060342100000008 -0.87769409749999994 -98.91082363999999 -32.836793419999992 -0.67694888699999989 -0.040153357499999993 -7.6089005874999991
decision_type=2 2 2 2 2 2 2 2 2 2 2 2
left_child=2 3 4 11 9 6 -3 -7 -5 -1 -6 -2
right_child=1 5 -4 8 10 7 -8 -9 -10 -11 -12 -13
leaf_value=0.014265425665681586 0.0044074513623315612 -0.0057431091131712264 0.017698994306547391 -0.0038197150746637782 0.0027547559186764186 -0.00037853130716026726 0.00048638376090887406 -0.0096807478117257803 0.0026734675879206177 0.0029951568998149419 -0.0029229468332814664 0.014665439211918867
leaf_weight=20.603387370705605 15.472176373004915 78.720900192856789 18.827610239386559 38.962215334177017 45.418274119496346 22.992102041840553 73.978364214301109 79.428277373313904 78.642971128225327 27.372870236635208 35.708825007081032 14.951149985194204
leaf_count=83 62 315 76 156 182 92 296 318 315 110 143 60
internal_value=0 -0.00202307 0.00559895 0.00269773 0.00343872 -0.0048397 -0.00262855 -0.0078313 0.00032718 0.00861256 4.87062e-06 0.0106591
internal_weight=551.079 403.148 147.931 148.029 129.103 255.12 152.699 102.42 117.605 47.9763 81.1271 30.4233
internal_count=2208 1614 594 593 518 1021 611 410 471 193 325 122
is_linear=0
shrinkage=0.02


Tree=15
num_leaves=13
num_cat=0
split_feature=11 7 4 2 11 3 11 7 2 4 4 7
split_gain=15.327 4.49453 4.40306 8.80557 5.45214 4.16878 2.53715 2.4393 2.01469 2.74408 1.39664 2.1761
threshold=0.98311297800000019 0.39394388750000003 -37.21970370999999 -31.226119574999995 1.0050425605000002 35.514795205000006 0.94840138900000015 -4.6541125029999995 -31.226119574999995 -12.289482934999997 -51.879090019999992 7.0787918175000009
decision_type=2 2 2 2 2 2 2 2 2 2 2 2
left_child=1 5 3 7 -5 6 -1 -2 -4 -10 -3 -12
right_child=2 10 8 4 -6 -7 -8 -9 9 -11 11 -13
leaf_value=0 0.0039217694245884064 0.012070636611221795 -0.0053520847757512081 -0.0033451867205181946 -0.013213710374293563 -0.0045787447499764699 0.0082303174901153745 -0.0023444772693912929 0.003272317523187416 -0.0015477551770848761 0 0.0093772872621314275
leaf_weight=21.1892079859972 40.715641349554062 39.30148871243 21.730266571044922 59.196645498275757 45.93113861978054 23.439510256052017 33.603838533163071 56.213388979434967 92.399858936667442 86.919737815856934 15.425043925642969 14.90682417154312
leaf_count=85 163 158 87 237 184 94 135 225 370 348 62 60
internal_value=3.83477e-06 0.00550404 -0.00198157 -0.0040529 -0.00800971 0.00180949 0.00495943 0.000111605 2.10487e-05 0.00083433 0.00920923 0.00436574
internal_weight=550.973 147.866 403.107 202.057 105.128 78.2326 54.793 96.929 201.05 179.32 69.6334 30.3319
internal_count=2208 594 1614 809 421 314 220 388 805 718 280 122
is_linear=0
shrinkage=0.02


Tree=16
num_leaves=12
num_cat=0
split_feature=8 1 1 1 8 2 9 7 2 1 9
split_gain=14.7617 16.8007 6.52038 4.32998 3.92619 5.62556 4.479 3.90299 2.71559 2.65473 2.47412
threshold=-0.016887021999999998 0.014253725000000002 0.037080752000000008 0.025867033500000001 0.015947519500000003 -98.91082363999999 -2370077957.9999995 -5.2437849369999991 -11.962191274999997 0.018202275000000004 60854196.100000009
decision_type=2 2 2 2 2 2 2 2 2 2 2
left_child=2 4 3 10 6 -6 -2 8 -3 -9 -1
right_child=1 7 -4 -5 5 -7 -8 9 -10 -11 -12
leaf_value=0.0075502966791698217 0.0038783072242599371 0.0011102358841950568 0.014448266605727105 -0.0042107759207801422 -0.00084940306008840711 -0.016007771404992658 -0.0064987734787659837 -0.0048168943351156266 0.010775891104466986 0.00087896796960112945 0.00057839949103218827
leaf_weight=59.768549799919128 17.2419114112854 32.965745702385902 25.523641601204872 21.659393608570099 17.240758419036865 37.170520782470703 74.447574436664581 38.480584487318993 22.946358561515808 162.60029494762421 40.860300213098526
leaf_count=240 69 132 103 87 69 149 298 154 92 651 164
internal_value=1.75001e-06 -0.00194582 0.00540148 0.00315023 -0.00732991 -0.0117596 -0.00429279 0.00107079 0.00565753 -0.000149262 0.00498068
internal_weight=550.906 403.094 147.812 122.288 146.101 54.4113 91.6895 256.993 55.9121 201.081 100.629
internal_count=2208 1614 594 491 585 218 367 1029 224 805 404
is_linear=0
shrinkage=0.02


Tree=17
num_leaves=14
num_cat=0
split_feature=8 6 7 6 4 5 5 3 7 3 7 7 0
split_gain=14.2124 12.7839 6.15232 4.36001 5.58079 3.37444 3.62613 3.19604 2.35848 2.03825 0.963858 0.716295 0.524396
threshold=-0.016887021999999998 10.288489165000003 -5.0558128074999988 13.229451710000001 -66.809939879999988 -0.074999999999999997 -0.044999999999999991 92.778835640000025 -3.1780832219999997 36.132077665000004 0.19429470450000003 -7.6089005874999991 3.6151661050000006
decision_type=2 2 2 2 2 2 2 2 2 2 2 2 2
left_child=3 2 11 9 8 -3 -7 -4 -5 12 -6 -2 -1
right_child=1 5 7 4 10 6 -8 -9 -10 -11 -12 -13 -14
leaf_value=0.015248126458777385 0.0042651811641328981 -0.012425822086764361 0.001938257459414307 0 -0.0075906298368618374 0.0030150125525396465 -0.0046240046876352909 -0.0067530894775034139 0.0087050005266388897 0.0034523640378721497 0 0.01432942894096801 0.0055192449969408801
leaf_weight=23.027888238430023 15.466601446270944 20.980741485953331 99.618579894304276 16.464362919330597 15.481599271297457 23.48201510310173 210.578957721591 17.984990149736404 35.617136031389236 26.824473023414612 15.224763363599775 14.93388509750366 15.115447819232939
leaf_count=93 62 84 399 66 62 94 843 72 143 108 61 60 61
internal_value=2.93937e-06 -0.00190729 0.00266095 0.00530306 0.00187006 -0.00463618 -0.00375385 0.000351181 0.00593834 0.00919256 -0.0043599 0.0104057 0.012358
internal_weight=550.801 403.046 148.004 147.756 82.7879 255.042 234.061 117.604 52.0815 64.9678 30.7064 30.4005 38.1433
internal_count=2208 1614 593 594 332 1021 937 471 209 262 123 122 154
is_linear=0
shrinkage=0.02


Tree=18
num_leaves=13
num_cat=0
split_feature=11 1 1 4 6 6 6 2 9 2 6 3
split_gain=13.6859 15.9805 6.25018 5.40502 5.2027 4.70701 4.35743 8.04792 3.44859 3.24794 2.3983 2.10345
threshold=0.98311297800000019 0.014253725000000002 0.037080752000000008 -67.379036854999981 6.310166928000001 11.337500185000001 12.167830870000001 -10.097179769999999 -2547414110.9999995 60.656411665000007 4.0785236510000002 25.211407320000003
decision_type=2 2 2 2 2 2 2 2 2 2 2 2
left_child=2 6 3 11 10 -5 7 -2 -8 -6 -3 -1
right_child=1 4 -4 5 9 -7 8 -9 -10 -11 -12 -13
leaf_value=0.0038767757999382249 0.0082609888590588522 0 0.014074083925691995 0.005784045344744069 0.0011725353771960387 -0.0060283845223857557 -0.0010461513704643857 -0.0093549566424529149 -0.010962841665615768 -0.0042883738682558637 0.0087270950647148782 0.013125593486906086
leaf_weight=52.991995513439178 17.481888547539711 19.960456520318985 25.469206318259239 18.355848357081413 135.19288025796413 34.44140313565731 22.719362124800682 19.738709345459938 86.105493977665901 60.472943305969238 41.331799775362015 16.43155500292778
leaf_count=213 70 80 103 74 541 138 91 79 345 242 166 66
internal_value=6.29647e-06 -0.00186738 0.00520928 0.00300411 0.00107305 -0.0014954 -0.0071206 -0.000571766 -0.00912924 -0.000440359 0.00608161 0.0066521
internal_weight=550.694 403.004 147.69 122.221 256.958 52.7973 146.045 37.2206 108.825 195.666 61.2923 69.4236
internal_count=2208 1614 594 491 1029 212 585 149 436 783 246 279
is_linear=0
shrinkage=0.02


Tree=19
num_leaves=11
num_cat=0
split_feature=11 1 10 1 4 10 3 11 11 1
split_gain=13.2025 15.3848 8.27552 4.90476 5.47184 4.55811 3.91546 3.51756 4.04519 3.33534
threshold=0.98311297800000019 0.014253725000000002 -0.41134989149999995 0.037080752000000008 -66.809939879999988 0.40485547300000008 72.434340645000006 0.98822542400000013 0.99224848750000005 0.008998098500000001
decision_type=2 2 2 2 2 2 2 2 2 2
left_child=2 5 3 4 -1 6 -2 -3 -9 -7
right_child=1 7 -4 -5 -6 9 -8 8 -10 -11
leaf_value=0.0048626200060196889 -0.0059861720460462975 -0.0067711999306972956 0.017092945028190094 0.011469801787604665 -0.0040200296034345953 -0.016692822690365532 0.0033509551308732706 0.011097199254304834 0.00094618530276855946 -0.0050857088694828924
leaf_weight=62.980392292141914 70.172643855214119 18.225913539528847 18.750688493251801 21.016717299818993 44.875154480338097 27.903531581163406 19.489158287644386 15.73068632185459 222.97884322702885 28.440900772809982
leaf_count=253 281 73 76 85 180 112 78 63 893 114
internal_value=8.84127e-06 -0.00183073 0.00512103 0.00299172 0.00097888 -0.0069863 -0.0037096 0.00105308 0.00178486 -0.0115519
internal_weight=550.565 402.942 147.623 128.872 107.856 146.006 89.6618 256.935 238.71 56.3444
internal_count=2208 1614 594 518 433 585 359 1029 956 226
is_linear=0
shrinkage=0.02


Tree=20
num_leaves=12
num_cat=0
split_feature=6 10 4 6 4 9 7 7 9 7 10
split_gain=11.7237 9.30776 6.14141 5.9228 4.69287 4.84436 4.45843 3.67695 2.39239 0.590849 1.68603
threshold=6.310166928000001 -0.14053771299999998 -69.121006474999987 13.029455350000001 -34.500704384999992 371818133.10000008 0.72184685900000012 -4.9403996239999985 20238573270.500004 -1.1462642269999999 0.23606228900000001
decision_type=2 2 2 2 2 2 2 2 2 2 2
left_child=8 2 6 -4 7 -6 -2 -3 9 -1 -11
right_child=1 4 3 -5 5 -7 -8 -9 -10 10 -12
leaf_value=0.011795678419292799 0.0019771028329785847 -0.00062667885118013222 0.0034771614566899145 -0.0054457022087908234 0.0090993156798365067 -0.0022775986127620365 0.011585101166493909 -0.0081471621666202275 0 0.0088659063947460325 0
leaf_weight=28.557250753045082 61.485145092010498 43.198561385273933 53.5085708796978 59.675119429826736 15.237330868840216 102.40004056692123 32.545987576246262 101.85022124648094 17.666783407330513 19.103266984224319 15.213840141892431
leaf_count=115 247 173 215 239 61 410 131 408 71 77 61
internal_value=9.41957e-06 -0.00117071 0.00192569 -0.00106658 -0.0036849 -0.000509318 0.0056829 -0.0060824 0.00699849 0.00877883 0.00520629
internal_weight=550.442 469.901 207.215 113.184 262.686 117.637 94.0311 145.049 80.5411 62.8744 34.3171
internal_count=2208 1884 832 454 1052 471 378 581 324 253 138
is_linear=0
shrinkage=0.02


Tree=21
num_leaves=12
num_cat=0
split_feature=11 10 9 11 9 10 5 7 4 9 9
split_gain=12.4199 8.03323 5.65214 5.41707 5.541 4.63912 4.19416 3.64845 3.63712 3.19136 2.20148
threshold=0.98311297800000019 -0.41134989149999995 5284579908.500001 1.0114331635000002 940477719.45000017 0.8317005285000002 0.03500000000000001 0.75266406650000006 -48.809234114999988 9534064567.5000019 2872055124.5000005
decision_type=2 2 2 2 2 2 2 2 2 2 2
left_child=1 7 3 4 -2 -5 9 10 -9 -4 -1
right_child=2 -3 6 5 -6 -7 -8 8 -10 -11 -12
leaf_value=-0.0020470773656316738 0.0015496050985781471 0.016779997354280655 0.0082633367761134318 -0.0090610435141959787 -0.0062293493557869645 0 -0.0049048668617850894 0.010614540302344226 0 0.0006179504441388478 0.0059683056388982183
leaf_weight=55.782985866069794 106.37246853113174 18.707038819789886 34.440448939800262 84.801097884774208 51.93335272371769 24.952255263924599 28.201560020446777 33.468910485506058 23.615080460906029 72.138491809368134 15.923558846116064
leaf_count=224 426 76 138 340 208 100 113 135 95 289 64
internal_value=1.25292e-05 0.00497432 -0.0017704 -0.00346416 -0.000923455 -0.00686774 0.00145342 0.00287624 0.00655843 0.00337942 0
internal_weight=550.337 147.498 402.84 268.059 158.306 109.753 134.781 128.791 57.084 106.579 71.7065
internal_count=2208 594 1614 1074 634 440 540 518 230 427 288
is_linear=0
shrinkage=0.02


Tree=22
num_leaves=12
num_cat=0
split_feature=1 8 8 1 1 8 8 9 9 5 1
split_gain=12.2128 11.7903 4.87655 4.77776 5.24214 4.68969 6.19489 2.96827 4.42063 2.48925 1.52596
threshold=0.012975113500000001 -0.011774575999999998 -0.016887021999999998 0.037080752000000008 0.025867033500000001 -0.011774575999999998 -0.0079798379999999978 -1746825190.4999998 5284579908.500001 -0.014999999999999998 0.0084732155000000007
decision_type=2 2 2 2 2 2 2 2 2 2 2
left_child=1 9 3 4 -2 -4 -7 -3 -9 -1 -11
right_child=2 7 5 -5 -6 6 -8 8 -10 10 -12
leaf_value=-0.0022669752931175693 0.0068011093813175414 -0.0011694068038790308 -0.0080398548448286852 0.013434093732583455 -0.0045167571081082512 0.01286112927358138 0.0006054167226368217 -0.011757188987720033 0 0.0094395468976320295 0.00088036028578291747
leaf_weight=22.419986218214035 43.968887314200401 28.192035719752312 19.72158145904541 25.360460445284843 21.625529274344444 16.222405403852463 237.17313587665558 73.044633209705353 18.968934401869774 18.901738718152046 24.641915500164032
leaf_count=90 177 113 79 103 87 65 950 293 76 76 99
internal_value=1.56691e-05 -0.00408866 0.00217994 0.00616957 0.00275065 0.000743399 0.00156291 -0.00781272 -0.00956725 0.00243362 0.0052863
internal_weight=550.241 186.169 364.072 90.9549 65.5944 273.117 253.396 120.206 92.0136 65.9636 43.5437
internal_count=2208 747 1461 367 264 1094 1015 482 369 265 175
is_linear=0
shrinkage=0.02


Tree=23
num_leaves=13
num_cat=0
split_feature=1 8 8 1 1 8 8 2 0 5 4 3
split_gain=11.7562 11.369 4.69445 4.61658 4.83088 4.52301 5.97716 4.34431 2.69532 2.40955 1.86674 1.75286
threshold=0.012975113500000001 -0.011774575999999998 -0.016887021999999998 0.037495920000000009 0.025867033500000001 -0.011774575999999998 -0.0079798379999999978 -20.261109119999997 46.491903625000006 -0.014999999999999998 -14.553059269999999 21.852280840000002
decision_type=2 2 2 2 2 2 2 2 2 2 2 2
left_child=1 9 3 4 -2 -4 -7 8 -3 -1 -9 -11
right_child=2 7 5 -5 -6 6 -8 10 -10 11 -12 -13
leaf_value=-0.0022251687491973305 0.006673974178537382 -0.00017000194657603836 -0.0078936407887354228 0.013350902755183098 -0.004059863137012204 0.012636110022746351 0.00059341410160485594 -0.013786357685570103 -0.009998421169713792 0.0086027096364361885 -0.0031148718840853119 0
leaf_weight=22.421947136521339 43.9486423432827 44.884119108319283 19.72218619287014 24.58416186273098 22.366557598114014 16.216733023524284 237.17138008773327 44.591037854552269 15.226989954710005 24.108690783381462 15.462570145726202 19.423538848757744
leaf_count=90 177 180 79 100 90 65 950 179 61 97 62 78
internal_value=1.59248e-05 -0.00401084 0.00214013 0.00605664 0.00274807 0.000729341 0.00153537 -0.00766938 -0.00322347 0.00239004 -0.0115499 0.00519975
internal_weight=550.129 186.119 364.01 90.8994 66.3152 273.11 253.388 120.165 60.1111 65.9542 60.0536 43.5322
internal_count=2208 747 1461 367 267 1094 1015 482 241 265 241 175
is_linear=0
shrinkage=0.02


Tree=24
num_leaves=13
num_cat=0
split_feature=1 11 3 7 0 1 10 1 1 4 1 3
split_gain=11.35 10.4868 4.69139 3.82757 4.47537 3.34878 8.59334 2.60315 2.34967 4.31647 1.87906 0.763714
threshold=0.012405601 0.98822542400000013 97.229299525000002 0.61127697550000015 -7.3529799099999993 0.037495920000000009 0.040684508000000008 0.027614920000000005 0.0084732155000000007 -70.926881719999997 0.008998098500000001 17.573355285000002
decision_type=2 2 2 2 2 2 2 2 2 2 2 2
left_child=1 8 5 4 -3 7 -7 -2 11 -10 -5 -1
right_child=2 3 -4 10 -6 6 -8 -9 9 -11 -12 -13
leaf_value=0.000889770402783273 0.0024943777778733377 -0.010324105304794351 -0.0069810086542600484 -0.016741813649167336 0 0.011907356366597895 0 -0.0018827518639336217 0.0051370168992568681 -0.008848897446738526 -0.0054148343128602875 0.0089953295121524453
leaf_weight=15.408218711614611 196.22136537730694 25.912613913416862 18.97961737215519 24.390263959765434 40.8915696144104 45.223160788416862 48.897602692246437 68.081599518656731 15.153396278619768 14.972949489951132 19.703439742326736 16.175290793180466
leaf_count=62 787 104 76 98 164 183 196 273 61 60 79 65
internal_value=1.39281e-05 -0.00416918 0.00199171 -0.00783787 -0.00415 0.00255843 0.00582211 0.0012861 0.00214892 -0.00130966 -0.0125688 0.00592499
internal_weight=550.011 172.608 377.403 110.898 66.8042 358.424 94.1208 264.303 61.7099 30.1263 44.0937 31.5835
internal_count=2208 693 1515 445 268 1439 379 1060 248 121 177 127
is_linear=0
shrinkage=0.02


Tree=25
num_leaves=13
num_cat=0
split_feature=1 8 6 6 8 1 9 9 6 4 6 1
split_gain=10.9375 10.6344 5.60666 5.31945 4.55306 3.4159 3.12695 2.61024 2.56119 2.00823 1.56315 0.0686769
threshold=0.012975113500000001 -0.011774575999999998 10.746149555000001 6.310166928000001 0.0115499125 0.037283386000000009 5284579908.500001 20238573270.500004 15.651321385000001 -69.121006474999987 17.085179400000005 0.035164607000000007
decision_type=2 2 2 2 2 2 2 2 2 2 2 2
left_child=1 9 -3 7 5 -5 -4 11 -6 10 -1 -2
right_child=3 2 6 4 8 -7 -8 -9 -10 -11 -12 -13
leaf_value=0.0090866237344735708 0.0045421285165186242 0.0027664598456680666 -0.010514247116307168 0.0011467358716244424 -0.00048123141981239534 0.008423450816154426 0 0 -0.0081287671492058476 -0.0012833287249367517 0.00010259442980601715 0.010108125150712388
leaf_weight=19.114379331469536 24.094518169760704 14.979813531041144 89.137936383485794 151.31783567368984 77.210916981101036 32.208303302526474 15.963949948549269 17.396272376179695 23.726978495717049 26.940244659781456 19.875871524214745 37.934387937188148
leaf_count=77 97 60 358 607 309 130 64 70 95 108 80 153
internal_value=1.06985e-05 -0.00387334 -0.00741468 0.00206111 0.000686717 0.00260862 -0.00907707 0.00660016 -0.0025962 0.00231064 0.00522326 0.00846784
internal_weight=549.901 186.012 120.082 363.889 284.464 183.526 105.102 79.4252 100.938 65.9305 38.9903 62.0289
internal_count=2208 747 482 1461 1141 737 422 320 404 265 157 250
is_linear=0
shrinkage=0.02


Tree=26
num_leaves=10
num_cat=0
split_feature=8 1 10 7 1 9 5 0 7
split_gain=10.5487 13.0342 7.80936 4.3706 4.12628 4.09271 3.94927 1.99613 3.11789
threshold=-0.016887021999999998 0.017711184000000005 -0.41134989149999995 -10.783385789999999 0.037080752000000008 -1713333282.4999998 -0.064999999999999988 -146.34622814999997 -5.2437849369999991
decision_type=2 2 2 2 2 2 2 2 2
left_child=2 3 4 -2 5 -1 -5 -3 -9
right_child=1 7 -4 6 -6 -7 -8 8 -10
leaf_value=0.0057119040080079436 0.0016140897393810577 0.0082550558863859844 0.016235482120579372 -0.016463209627820864 0.010326558100190994 -0.0021111176362479975 -0.0052969706948175314 0.0055871306114260548 -0.0002569162562112118
leaf_weight=40.240465089678764 25.196460261940956 15.976137995719908 18.618521451950073 15.199584469199179 20.849276721477509 67.480709537863731 149.80885204672813 43.863162413239479 152.53047868609428
leaf_count=162 101 64 76 61 85 271 601 176 611
internal_value=1.24035e-05 -0.00162752 0.00459349 -0.00542853 0.00253155 0.000679828 -0.00663013 0.00170237 0.000990667
internal_weight=549.764 402.575 147.189 190.205 128.57 107.721 165.008 212.37 196.394
internal_count=2208 1614 594 763 518 433 662 851 787
is_linear=0
shrinkage=0.02


Tree=27
num_leaves=11
num_cat=0
split_feature=1 3 5 9 9 3 1 3 5 0
split_gain=10.2531 7.13386 9.9184 5.53624 9.05545 4.4732 2.94243 2.9454 2.77537 2.00154
threshold=0.012405601 21.852280840000002 0.015000000000000001 -1713333282.4999998 4968854179.500001 97.229299525000002 0.037495920000000009 85.150238300000012 -0.064999999999999988 2.1381363475000001
decision_type=2 2 2 2 2 2 2 2 2 2
left_child=1 2 9 -3 -5 6 8 -8 -2 -1
right_child=5 3 -4 4 -6 -7 7 -9 -10 -11
leaf_value=-0.0086436078749853214 -0.0046995413107453398 0.00097973885381202061 0.014588495089313282 -0.012017769973210513 0.0013189058719448603 -0.0068632992485856536 0.0074315501848188975 -9.4890609544502107e-05 0.0019750915637493801 2.8905810552563872e-05
leaf_weight=14.923558279871939 24.447201728820801 26.126963719725609 15.639284759759901 74.894552037119865 23.696504563093185 18.976837068796158 72.285896584391594 21.68944975733757 239.78961881995201 17.158876270055771
leaf_count=60 98 105 63 301 95 76 292 87 962 69
internal_value=1.46098e-05 -0.00396153 0.00224457 -0.00649199 -0.00865097 0.00189644 0.00245155 0.00552029 0.00125177 -0.0036889
internal_weight=549.629 172.44 47.7217 124.718 98.5911 377.189 358.212 93.9753 264.237 32.0824
internal_count=2208 693 192 501 396 1515 1439 379 1060 129
is_linear=0
shrinkage=0.02


Tree=28
num_leaves=11
num_cat=0
split_feature=6 8 10 6 4 4 4 4 10 10
split_gain=10.0972 10.5966 5.25612 5.06199 4.11677 2.85693 2.76663 2.12145 0.325728 0.367574
threshold=6.310166928000001 -0.016887021999999998 -0.41134989149999995 15.651321385000001 -54.852745119999994 -67.379036854999981 -37.21970370999999 -11.476725214999998 0.055172837000000009 -0.41691835449999998
decision_type=2 2 2 2 2 2 2 2 2 2
left_child=7 2 4 6 -2 -5 -3 8 9 -1
right_child=1 3 -4 5 -6 -7 -8 -9 -10 -11
leaf_value=0.0052422638092119904 0.0043682218568670342 -0.0033367382719572524 0.014047125911229551 -0.0013054587617808147 -0.0036642224458945274 -0.0086744581436940388 0.00097767571935804785 0.00061623585161597048 0.0044038561158898093 0.014503097378018415
leaf_weight=16.721735894680027 81.158460408449173 111.56508749723434 15.653740510344504 39.609024450182915 32.60607884824276 75.482620179653168 113.12008082866669 24.660761386156082 23.874640494585037 15.067192122340201
leaf_count=68 327 447 64 159 131 303 453 99 96 61
internal_value=1.38853e-05 -0.00107894 0.0036862 -0.00296341 0.00186975 -0.00637482 -0.00108691 0.00651143 0.00866439 0.0108222
internal_weight=549.519 469.195 129.418 339.777 113.765 115.092 224.685 80.3243 55.6636 31.7889
internal_count=2208 1884 522 1362 458 462 900 324 225 129
is_linear=0
shrinkage=0.02


Tree=29
num_leaves=11
num_cat=0
split_feature=6 8 1 10 10 4 1 9 9 9
split_gain=9.77136 10.2036 7.45293 5.08665 4.25521 3.96443 2.78264 2.23556 0.386667 0.769729
threshold=6.310166928000001 -0.016887021999999998 0.018202275000000004 -0.41134989149999995 0.40485547300000008 -54.852745119999994 0.023437842000000004 20238573270.500004 4500657674.000001 9951082559.0000019
decision_type=2 2 2 2 2 2 2 2 2 2
left_child=7 3 4 5 -3 -2 -4 8 -1 -10
right_child=1 2 6 -5 -6 -7 -8 -9 9 -11
leaf_value=0.011016253604086305 0.0042843657563477631 -0.0027444131203425738 0.004335954324091164 0.013823537019408878 -0.0092689320601091925 -0.0035946452604291431 -0.0013968761384962078 0 0.00017320651506460226 0.0075346310912154015
leaf_weight=26.709072560071945 81.131419852375984 113.49239258468151 46.970008611679077 15.621468007564543 75.847927942872047 32.611111879348755 103.42888881266117 17.62710352241993 15.854144081473349 20.092161104083061
leaf_count=108 327 455 188 64 305 131 414 71 64 81
internal_value=1.70464e-05 -0.00105736 -0.00290709 0.00361851 -0.00553216 0.0018295 0.000295676 0.00641112 0.00813258 0.00499518
internal_weight=549.386 469.103 339.739 129.364 189.34 113.743 150.399 80.2825 62.6554 35.9463
internal_count=2208 1884 1362 522 760 458 602 324 253 145
is_linear=0
shrinkage=0.02


Tree=30
num_leaves=11
num_cat=0
split_feature=6 8 6 2 4 8 4 4 4 11
split_gain=9.43749 9.82456 4.82022 6.32911 3.63356 3.66995 2.658 2.04806 2.0163 0.49654
threshold=6.310166928000001 -0.016887021999999998 15.651321385000001 -93.745862894999988 -54.852745119999994 -0.023749722499999997 -37.21970370999999 -27.667742364999995 -11.476725214999998 1.0062703400000002
decision_type=2 2 2 2 2 2 2 2 2 2
left_child=8 4 6 -4 5 -2 -3 -6 9 -1
right_child=1 2 3 -5 7 -7 -8 -9 -10 -11
leaf_value=0.010471669701168118 0.0031513063758373729 -0.0032275072280995272 0 -0.0097692568094111896 -0.0048355427307620177 0.013613490124720224 0.0010031225205171797 0.0038090080028605868 0.00054544350824139878 0.0037023567751729974
leaf_weight=33.958210825920105 71.337584346532822 111.54835139214993 43.649690940976143 71.375473335385323 24.554256707429886 18.520894154906273 113.1099765598774 14.895578324794768 24.65531550347805 21.627655401825905
leaf_count=138 288 447 175 287 99 75 453 60 99 87
internal_value=1.92613e-05 -0.00103599 -0.00285165 -0.00618119 0.00355211 0.00577486 -0.00101919 -0.0010627 0.00630535 0.0084052
internal_weight=549.233 468.992 339.683 115.025 129.308 89.8585 224.658 39.4498 80.2412 55.5859
internal_count=2208 1884 1362 462 522 363 900 159 324 225
is_linear=0
shrinkage=0.02


Tree=31
num_leaves=12
num_cat=0
split_feature=6 8 6 2 4 8 8 9 4 9 9
split_gain=9.10751 9.46822 4.63819 6.08747 3.50252 3.54057 2.63641 2.1381 1.97599 0.351994 0.748898
threshold=6.310166928000001 -0.016887021999999998 15.651321385000001 -93.745862894999988 -54.852745119999994 -0.023749722499999997 -0.011324422999999998 20238573270.500004 -27.667742364999995 4500657674.000001 9951082559.0000019
decision_type=2 2 2 2 2 2 2 2 2 2 2
left_child=7 4 6 -4 5 -2 -3 9 -6 -1 -11
right_child=1 2 3 -5 8 -7 -8 -9 -10 10 -12
leaf_value=0.010687704002014882 0.0030908303242563272 -0.0082772927358012345 0 -0.0095849510601501865 -0.0047448920803677 0.013383835439555899 -0.00025240595957937899 0 0.0037426049374507091 7.8164730391389452e-05 0.0073167005207991007
leaf_weight=26.65680019557476 71.318059980869293 16.488006472587585 43.649690940976143 71.331865787506104 24.561036139726639 18.496486112475395 208.1655445098877 17.620072335004807 14.892184719443319 15.845416918396948 20.069461837410927
leaf_count=108 288 66 175 287 99 75 834 71 60 64 81
internal_value=2.21699e-05 -0.00101372 -0.00279682 -0.00606432 0.00349002 0.00567378 -0.000997459 0.00619991 -0.00103269 0.00788497 0.00482319
internal_weight=549.095 468.903 339.635 114.982 129.268 89.8145 224.654 80.1918 39.4532 62.5717 35.9149
internal_count=2208 1884 1362 462 522 363 900 324 159 253 145
is_linear=0
shrinkage=0.02


Tree=32
num_leaves=10
num_cat=0
split_feature=6 11 10 6 2 6 11 6 3
split_gain=8.79892 9.13432 4.9044 4.45396 5.85531 3.65453 2.54212 1.69907 0.375674
threshold=6.310166928000001 0.98311297800000019 -0.41134989149999995 15.651321385000001 -93.745862894999988 12.279676510000002 0.98867557700000008 4.0785236510000002 70.308542775000021
decision_type=2 2 2 2 2 2 2 2 2
left_child=7 2 5 6 -5 -2 -3 -1 -9
right_child=1 3 -4 4 -6 -7 -8 8 -10
leaf_value=0.0009620870778996502 0.0071332737477103371 -0.0081304197745055568 0.013457053780846988 0 -0.009404443664704349 -0.00041887409150749729 -0.0002474065626839226 0.0040434368984720113 0.010470922312000095
leaf_weight=26.730388432741165 32.813526794314384 16.486285030841827 15.563740372657774 43.649690940976143 71.285830155014992 80.848357751965523 208.1649969369173 24.12750743329525 29.290485367178917
leaf_count=108 133 66 64 175 287 325 834 98 118
internal_value=2.33649e-05 -0.000994139 0.00342911 -0.00274613 -0.0059498 0.00167412 -0.000980791 0.00609782 0.00817939
internal_weight=548.961 468.812 129.226 339.587 114.936 113.662 224.651 80.1484 53.418
internal_count=2208 1884 522 1362 462 458 900 324 216
is_linear=0
shrinkage=0.02


Tree=33
num_leaves=14
num_cat=0
split_feature=1 11 6 11 7 9 7 6 9 1 4 4 7
split_gain=9.05084 8.28154 4.18486 4.79959 5.54642 4.11892 6.11235 2.77337 2.31931 2.24495 3.80331 0.890096 0.577682
threshold=0.012405601 0.98822542400000013 6.310166928000001 1.0114331635000002 0.53550963700000009 -2463066072.9999995 -2.2230504709999992 15.056587935000001 20238573270.500004 0.0084732155000000007 -70.926881719999997 -83.721222464999983 -1.1462642269999999
decision_type=2 2 2 2 2 2 2 2 2 2 2 2 2
left_child=1 9 8 4 -4 -3 -7 -5 12 11 -11 -1 -2
right_child=2 5 3 7 -6 6 -8 -9 -10 10 -12 -13 -14
leaf_value=0.00034192659148190875 0.010465755222926159 0 -0.00034551487248963382 -0.00034945309796615911 0.0063007095355902586 -0.0024612855476538213 -0.013735946135898569 -0.0077402925396416571 0 0.0045149577507928229 -0.0085675360275451855 0.0086773541108086886 0.0042358920471825389
leaf_weight=14.860507950186731 28.12251552939415 21.634657293558121 105.2651200145483 77.69031810760498 85.454556360840797 41.529251605272293 47.383973017334938 29.169455260038376 17.363195955753326 15.096246704459192 14.962703317403792 16.649245202541351 33.631805017590523
leaf_count=60 114 87 423 311 344 167 191 117 70 61 60 67 136
internal_value=2.39727e-05 -0.00371314 0.0017949 0.000617049 0.00256312 -0.00698343 -0.00885981 -0.00265579 0.00585408 0.00187909 -0.0015016 0.00559811 0.00762595
internal_weight=548.814 172.117 376.697 297.579 190.72 110.548 88.9132 106.86 79.1175 61.5687 30.059 31.5098 61.7543
internal_count=2208 693 1515 1195 767 445 358 428 320 248 121 127 250
is_linear=0
shrinkage=0.02


Tree=34
num_leaves=11
num_cat=0
split_feature=8 6 10 3 6 2 5 5 10 5
split_gain=8.22008 8.23227 6.97081 5.28961 4.24778 3.72328 3.40599 3.43219 3.10442 1.56983
threshold=-0.016887021999999998 10.288489165000003 -0.41134989149999995 41.182704210000004 12.279676510000002 63.068024475000009 -0.074999999999999997 -0.044999999999999991 -0.67694888699999989 0.015000000000000001
decision_type=2 2 2 2 2 2 2 2 2 2
left_child=2 3 4 -2 8 -5 -3 -8 -1 -6
right_child=1 6 -4 5 9 -7 7 -9 -10 -11
leaf_value=0.012463572780285311 0.0099083291905111889 -0.01131980914998473 0.015124801966824431 0.0037334205777600888 -0.0026471544954952621 -0.0031570822796824802 0.0038794652140310983 -0.0036205517709657058 0.0012703451756779752 0.0029497316657389134
leaf_weight=20.330204606056213 27.104371786117554 20.902373194694519 18.414331197738647 61.753147050738335 53.001296013593674 58.820543125271797 23.423623949289322 209.97253073751926 27.106760129332542 27.833405241370201
leaf_count=83 109 84 76 248 213 236 94 843 110 112
internal_value=2.31643e-05 -0.00142013 0.00407877 0.00223398 0.00213165 0.000212132 -0.00362108 -0.00275632 0.00678217 -0.000453872
internal_weight=548.663 401.977 146.686 147.678 128.272 120.574 254.299 233.396 47.437 80.8347
internal_count=2208 1614 594 593 518 484 1021 937 193 325
is_linear=0
shrinkage=0.02


Tree=35
num_leaves=11
num_cat=0
split_feature=6 8 10 6 4 9 4 9 10 10
split_gain=8.07512 8.28827 4.56345 4.09627 3.57646 3.0625 2.57281 1.97236 0.424326 1.66219
threshold=6.310166928000001 -0.016887021999999998 -0.41134989149999995 15.651321385000001 -54.852745119999994 625916732.25000012 -37.21970370999999 20238573270.500004 -0.39895340299999998 0.41060342100000008
decision_type=2 2 2 2 2 2 2 2 2 2
left_child=7 2 4 6 -2 -5 -3 8 -1 -10
right_child=1 3 -4 5 -6 -7 -8 -9 9 -11
leaf_value=0.0021567247649869371 0.0039172795573826974 -0.0030983720320676266 0.012965867617639579 -0.00177281064084997 -0.0035738892455346276 -0.0089030428737150013 0.0010691682889519729 0 0.0129701306975366 0.0034680509935739279
leaf_weight=15.894770413637159 80.987774431705475 111.50897732377052 15.481084048748015 55.902918145060539 32.598928794264793 58.915463879704475 113.08842441439629 17.609387189149857 21.951128855347633 24.578412875533104
leaf_count=65 327 447 64 225 131 237 453 71 89 99
internal_value=2.62581e-05 -0.000946977 0.00326618 -0.00261742 0.00156968 -0.00569246 -0.00092077 0.00585116 0.00747262 0.00871273
internal_weight=548.517 468.484 129.068 339.416 113.587 114.818 224.597 80.0337 62.4243 46.5295
internal_count=2208 1884 522 1362 458 462 900 324 253 188
is_linear=0
shrinkage=0.02


Tree=36
num_leaves=12
num_cat=0
split_feature=1 8 3 6 6 6 1 4 0 3 6
split_gain=8.45217 7.69921 4.09639 4.80581 3.23336 3.12346 2.1741 3.62763 1.50367 0.887589 0.626703
threshold=0.012405601 -0.011774575999999998 97.229299525000002 6.4122130465000007 11.977003135000002 7.0126764460000013 0.0084732155000000007 -70.926881719999997 24.476359745000003 17.573355285000002 4.0785236510000002
decision_type=2 2 2 2 2 2 2 2 2 2 2
left_child=1 6 3 10 -3 -5 9 -8 -6 -1 -2
right_child=2 4 -4 5 8 -7 7 -9 -10 -11 -12
leaf_value=0.00037351391118546103 0.0023567822867754831 0 -0.0066399320459727311 -0.0055881691062611835 -0.010171056965320254 0.0016554603035552409 0.0043405206035595128 -0.0084239916580069654 -0.0021909758945191831 0.0086445861933287862 0.0080739757964814075
leaf_weight=15.366021022200586 24.695700719952583 25.167237043380737 18.960803374648094 23.381781011819839 64.644990682601929 255.59102046489716 15.076834365725519 14.959114670753477 20.616842269897461 16.119634583592415 53.788188189268112
leaf_count=62 100 101 76 94 261 1027 61 60 83 65 218
internal_value=2.78232e-05 -0.00358407 0.00174084 0.0022755 -0.00674055 0.000941707 0.00180068 -0.00152145 -0.00856506 0.00546871 0.00662677
internal_weight=548.368 171.951 376.417 357.457 110.429 278.973 61.5216 30.0359 85.2618 31.4857 78.4839
internal_count=2208 693 1515 1439 445 1121 248 121 344 127 318
is_linear=0
shrinkage=0.02


Tree=37
num_leaves=15
num_cat=0
split_feature=1 8 9 9 8 1 9 6 1 2 1 4 1 4
split_gain=8.12224 7.43899 3.93092 4.79059 3.74925 8.30626 4.76752 2.18165 3.25863 2.55687 2.10188 3.50355 1.59087 0.856916
threshold=0.012405601 -0.011774575999999998 -2463066072.9999995 5284579908.500001 0.0030322655000000003 0.037283386000000009 10076242223.500002 6.310166928000001 0.04468146600000001 51.85203262000001 0.0084732155000000007 -70.926881719999997 0.063583767000000013 -83.721222464999983
decision_type=2 2 2 2 2 2 2 2 2 2 2 2 2 2
left_child=1 10 -3 -4 5 6 -2 9 -9 -6 13 -12 -7 -1
right_child=4 2 3 -5 7 12 -8 8 -10 -11 11 -13 -14 -15
leaf_value=0.0002304148380394709 0.0026790561678148674 0.00016714886608012428 -0.010673489224780208 1.699705430845371e-05 0.0084397371241456704 0.013718766688386105 -0.0072576486900834368 -0.00023378843589416862 -0.0095069924267543477 -0.00024014936494445478 0.0042653985802760504 -0.0082752211947761303 0.0031964330602055149 0.0083924041350602416
leaf_weight=14.849075540900232 126.18917520344257 21.617756322026253 71.832931026816368 16.915130093693733 19.805272907018661 30.889469474554062 20.13019298017025 122.57046689093113 16.235818669199944 24.871483027935028 15.070804312825205 14.959437668323515 15.671259060502051 16.628727167844772
leaf_count=60 508 87 290 68 80 126 81 491 65 100 61 60 64 67
internal_value=2.63422e-05 -0.00351458 -0.00661932 -0.00846005 0.00170626 0.00364584 0.00109772 -0.000242142 -0.00158012 0.00337593 0.00177446 -0.00148389 0.0108666 0.00538333
internal_weight=548.237 171.874 110.366 88.7481 376.363 192.88 146.319 183.483 138.806 44.6768 61.508 30.0302 46.5607 31.4778
internal_count=2208 693 445 358 1515 779 589 736 556 180 248 121 190 127
is_linear=0
shrinkage=0.02


Tree=38
num_leaves=15
num_cat=0
split_feature=1 8 9 9 8 1 9 4 2 4 1 4 1 4
split_gain=7.78044 7.16563 3.79334 4.62919 3.6187 8.03009 4.59317 2.18457 4.87467 3.25498 2.03197 3.38383 1.51637 0.817828
threshold=0.012405601 -0.011774575999999998 -2463066072.9999995 5284579908.500001 0.0030322655000000003 0.037283386000000009 10076242223.500002 -34.500704384999992 -30.055483879999997 -24.365161609999998 0.0084732155000000007 -70.926881719999997 0.063583767000000013 -83.721222464999983
decision_type=2 2 2 2 2 2 2 2 2 2 2 2 2 2
left_child=1 10 -3 -4 5 6 -2 8 -6 -9 13 -12 -7 -1
right_child=4 2 3 -5 7 12 -8 9 -10 -11 11 -13 -14 -15
leaf_value=0.00022635768923740126 0.0026266376415543897 0.00016408735332248216 -0.010475602947975287 1.6692952089508546e-05 0.0015531843462562279 0.013482154741020123 -0.0071239267115080608 0.0094101883544704078 -0.0082608267467516039 0 0.0041915882436626842 -0.0081293285896882304 0.0031409125646401025 0.0082458041276423297
leaf_weight=14.848756179213526 126.17339392006397 21.617979511618614 71.764542654156685 16.9151471555233 37.911784827709198 30.83856175839901 20.135379165410995 15.20902845263481 34.87188309431076 95.47451139986515 15.064745038747789 14.959242463111876 15.664726331830023 16.621508151292801
leaf_count=60 508 87 290 68 152 126 81 61 140 383 61 60 64 67
internal_value=2.76406e-05 -0.00343809 -0.00648755 -0.00829747 0.00167262 0.00357879 0.00107191 -0.000239801 -0.00297661 0.00140328 0.00174857 -0.001447 0.0106842 0.00529913
internal_weight=548.071 171.792 110.298 88.6797 376.279 192.812 146.309 183.467 72.7837 110.684 61.4943 30.024 46.5033 31.4703
internal_count=2208 693 445 358 1515 779 589 736 292 444 248 121 190 127
is_linear=0
shrinkage=0.02


Tree=39
num_leaves=14
num_cat=0
split_feature=1 11 7 0 6 11 10 10 10 7 6 10 1
split_gain=7.46287 6.90254 3.93406 4.17839 3.66371 4.55527 4.36755 4.31764 4.60514 4.02177 2.09312 3.90959 2.04869
threshold=0.012405601 0.98822542400000013 0.61127697550000015 -7.3529799099999993 15.651321385000001 0.99343306250000019 -0.38843792749999989 0.31673296750000007 -0.52447458799999991 -4.9403996239999985 17.627064660000006 -0.68417998649999989 0.008998098500000001
decision_type=2 2 2 2 2 2 2 2 2 2 2 2 2
left_child=1 10 3 -3 5 6 -2 8 -6 -7 11 -1 -4
right_child=4 2 12 -5 7 9 -8 -9 -10 -11 -12 -13 -14
leaf_value=-0.0010980046956943091 0.0029376966645335242 -0.0088083244910383638 -0.015210692923624949 0.00086696812571633445 -0.0062717517607350859 0.0058931722162796308 0.012609594853499821 -0.0085223358692401094 0.0055232752151283702 -0.00070097686378586105 -0.0024480610138509769 0.010412124071947223 -0.0040704291473990448
leaf_weight=18.603510245680809 72.199968874454498 25.731871113181114 24.19291840493679 40.701796352863312 18.164896905422211 45.518846958875656 29.231646820902824 25.649339511990547 34.061055541038513 151.37710076570511 22.577411159873009 20.298596531152725 19.600344106554985
leaf_count=75 293 104 98 164 73 183 119 103 137 607 91 82 79
internal_value=3.1256e-05 -0.00336314 -0.00635841 -0.00273623 0.001643 0.00267814 0.00610834 -0.00203982 0.000971968 0.000766848 0.00172317 0.00463431 -0.011057
internal_weight=547.909 171.706 110.227 66.4337 376.203 298.328 101.432 77.8753 52.226 196.896 61.4795 38.9021 43.7933
internal_count=2208 693 445 268 1515 1202 412 313 210 790 248 157 177
is_linear=0
shrinkage=0.02


Tree=40
num_leaves=15
num_cat=0
split_feature=1 8 7 0 8 1 4 5 4 7 5 1 1 1
split_gain=7.20052 6.64909 3.80191 4.03309 3.34812 7.73216 4.04876 2.68891 2.10099 3.6943 3.4404 1.9615 1.45831 1.25285
threshold=0.012405601 -0.011774575999999998 0.61127697550000015 -7.3529799099999993 0.0030322655000000003 0.037283386000000009 -34.067704434999989 -0.014999999999999998 -34.500704384999992 -2.1466820469999992 1.0000000180025095e-35 0.008998098500000001 0.063583767000000013 0.0084732155000000007
decision_type=2 2 2 2 2 2 2 2 2 2 2 2 2 2
left_child=1 7 3 -3 5 6 -2 -1 9 -6 -10 -4 -7 -9
right_child=4 2 11 -5 8 12 -8 13 10 -11 -12 -13 -14 -15
leaf_value=-0.0035161987425092914 0.0032437399998479282 -0.0086515687494293139 -0.014952396222284127 0.00085039056018963418 0.0018260779123813818 0.013171062340212735 -0.0038123678743188475 0.0084223085530680825 0.004633332958739713 -0.0067362016144067874 -0.0021860165717479947 -0.003997742049632904 0.0030090811953638647 0.00041930968784849413
leaf_weight=20.371264964342117 102.75065518915653 25.710591286420822 24.153569459915161 40.704297482967377 30.646483883261681 30.766871646046638 43.519450500607491 18.795363306999207 60.585147336125374 42.124925523996353 50.086632087826729 19.594012632966042 15.648513957858084 22.30462758243084
leaf_count=82 414 104 98 164 123 126 175 76 243 169 201 79 64 90
internal_value=2.78071e-05 -0.00330659 -0.00624817 -0.00268106 0.00161168 0.00344621 0.000986355 0.00168067 -0.000223809 -0.00291046 0.00138558 -0.0108724 0.010424 0.00476418
internal_weight=547.762 171.634 110.162 66.4149 376.129 192.685 146.27 61.4713 183.443 72.7714 110.672 43.7476 46.4154 41.1
internal_count=2208 693 445 268 1515 779 589 248 736 292 444 177 190 166
is_linear=0
shrinkage=0.02


end of trees

feature_importances:
divergence_rank_diff=76
daily_range_pct=65
momentum_pvo_signal=45
PF_K_Body=45
bar_strength=45
CMF=44
momentum_wr=43
FastK_5=31
momentum_ao=23
Close_to_Open_Ratio=21
trend_dpo=16
fng_lag_3=16

parameters:
[boosting: gbdt]
[objective: binary]
[metric: auc]
[tree_learner: serial]
[device_type: cpu]
[data_sample_strategy: bagging]
[data: ]
[valid: ]
[num_iterations: 10000]
[learning_rate: 0.02]
[num_leaves: 15]
[num_threads: 0]
[seed: 0]
[deterministic: 0]
[force_col_wise: 0]
[force_row_wise: 0]
[histogram_pool_size: -1]
[max_depth: 4]
[min_data_in_leaf: 60]
[min_sum_hessian_in_leaf: 0.001]
[bagging_fraction: 0.7]
[pos_bagging_fraction: 1]
[neg_bagging_fraction: 1]
[bagging_freq: 0]
[bagging_seed: 3]
[bagging_by_query: 0]
[feature_fraction: 0.6]
[feature_fraction_bynode: 1]
[feature_fraction_seed: 2]
[extra_trees: 0]
[extra_seed: 6]
[early_stopping_round: 0]
[early_stopping_min_delta: 0]
[first_metric_only: 0]
[max_delta_step: 0]
[lambda_l1: 1]
[lambda_l2: 2]
[linear_lambda: 0]
[min_gain_to_split: 0]
[drop_rate: 0.1]
[max_drop: 50]
[skip_drop: 0.5]
[xgboost_dart_mode: 0]
[uniform_drop: 0]
[drop_seed: 4]
[top_rate: 0.2]
[other_rate: 0.1]
[min_data_per_group: 100]
[max_cat_threshold: 32]
[cat_l2: 10]
[cat_smooth: 10]
[max_cat_to_onehot: 4]
[top_k: 20]
[monotone_constraints: ]
[monotone_constraints_method: basic]
[monotone_penalty: 0]
[feature_contri: ]
[forcedsplits_filename: ]
[refit_decay_rate: 0.9]
[cegb_tradeoff: 1]
[cegb_penalty_split: 0]
[cegb_penalty_feature_lazy: ]
[cegb_penalty_feature_coupled: ]
[path_smooth: 0]
[interaction_constraints: ]
[verbosity: -1]
[saved_feature_importance_type: 0]
[use_quantized_grad: 0]
[num_grad_quant_bins: 4]
[quant_train_renew_leaf: 0]
[stochastic_rounding: 1]
[linear_tree: 0]
[max_bin: 255]
[max_bin_by_feature: ]
[min_data_in_bin: 3]
[bin_construct_sample_cnt: 200000]
[data_random_seed: 1]
[is_enable_sparse: 1]
[enable_bundle: 1]
[use_missing: 1]
[zero_as_missing: 0]
[feature_pre_filter: 1]
[pre_partition: 0]
[two_round: 0]
[header: 0]
[label_column: ]
[weight_column: ]
[group_column: ]
[ignore_column: ]
[categorical_feature: ]
[forcedbins_filename: ]
[precise_float_parser: 0]
[parser_config_file: ]
[objective_seed: 5]
[num_class: 1]
[is_unbalance: 0]
[scale_pos_weight: 1]
[sigmoid: 1]
[boost_from_average: 1]
[reg_sqrt: 0]
[alpha: 0.9]
[fair_c: 1]
[poisson_max_delta_step: 0.7]
[tweedie_variance_power: 1.5]
[lambdarank_truncation_level: 30]
[lambdarank_norm: 1]
[label_gain: ]
[lambdarank_position_bias_regularization: 0]
[eval_at: ]
[multi_error_top_k: 1]
[auc_mu_weights: ]
[num_machines: 1]
[local_listen_port: 12400]
[time_out: 120]
[machine_list_filename: ]
[machines: ]
[gpu_platform_id: -1]
[gpu_device_id: -1]
[gpu_use_dp: 0]
[num_gpu: 1]

end of parameters

pandas_categorical:[]
